2048
2084
2120
2155
2191
2227
2263
2298
2334
2369
2404
2440
2475
2510
2545
2579
2614
2648
2682
2716
2750
2784
2817
2850
2883
2915
2948
2980
3011
3043
3074
3105
3135
3166
3195
3225
3254
3283
3311
3339
3367
3394
3421
3447
3473
3499
3524
3548
3572
3596
3619
3642
3664
3686
3707
3728
3748
3768
3787
3806
3824
3841
3858
3875
3891
3906
3921
3935
3948
3961
3974
3986
3997
4008
4018
4027
4036
4044
4052
4059
4065
4071
4076
4081
4085
4088
4091
4093
4094
4095
4095
4095
4093
4092
4089
4086
4083
4079
4074
4068
4062
4055
4048
4040
4032
4023
4013
4002
3991
3980
3968
3955
3942
3928
3913
3898
3883
3867
3850
3833
3815
3796
3777
3758
3738
3718
3697
3675
3653
3631
3608
3584
3560
3536
3511
3486
3460
3434
3407
3380
3353
3325
3297
3269
3240
3210
3181
3151
3120
3090
3059
3027
2996
2964
2932
2899
2866
2833
2800
2767
2733
2699
2665
2631
2597
2562
2527
2492
2457
2422
2387
2351
2316
2280
2245
2209
2173
2138
2102
2066
2030
1994
1958
1923
1887
1851
1816
1780
1745
1709
1674
1639
1604
1569
1534
1499
1465
1431
1397
1363
1329
1296
1263
1230
1197
1164
1132
1100
1069
1037
1006
976
945
915
886
856
827
799
771
743
716
689
662
636
610
585
560
536
512
488
465
443
421
399
378
358
338
319
300
281
263
246
229
213
198
183
168
154
141
128
116
105
94
83
73
64
56
48
41
34
28
22
17
13
10
7
4
3
1
1
1
2
3
5
8
11
15
20
25
31
37
44
52
60
69
78
88
99
110
122
135
148
161
175
190
205
221
238
255
272
290
309
328
348
368
389
410
432
454
477
500
524
548
572
597
623
649
675
702
729
757
785
813
842
871
901
930
961
991
1022
1053
1085
1116
1148
1181
1213
1246
1279
1312
1346
1380
1414
1448
1482
1517
1551
1586
1621
1656
1692
1727
1762
1798
1833
1869
1905
1941
1976
2012
2048
